30730317
30731364
30731403
30731408
30731413
30731421
30731428
30731433
30731445
30731446
30731452
30731466
30731478
30731491
30731500
30731520
30731524
30731525
30731550
30731562
30731565
30731604
30731615
30731636
30731667
30731686
30731688
30731697
30731700
30731704
30731714
30731716
30731815
30731828
30731839
30731848
30731852
30731861
30731898
30731899
30731909
30731914
30731921
30731924
30731932
30731933
30732466
30732475
30732505
30732552
30732587
30732593
30732636
30732648
30732667
30732674
30732676
30732698
30732714
30732728
30732756
30732763
30732767
30732769
30732780
30732783
30732888
30732975
30732980
30732999
30733000
30733027
30733035
30733047
30750337
30750343
30760857
30761005
30761009
30761644
30761830
30762000
30762023
30762038
30762049
30762145
30762214
30762295
30762366
30763197
30763217
30763240
30763251
30763556
30764182
30764355
30764389
30764408
30764422
30764595
30764616
30764648
30766154
30766199
30766255
30766280
30766360
30766377
30766422
30766434
30766456
30766468
30766667
30766675
30766756
30766791
30767292
30767391
30767810
30767826
30767938
30767944
30768092
30768311
30768713
30768772
30768840
30769202
30769433
30769648
30769675
30769795
30769802
30769839
30769843
30769858
30769871
30769875
30769880
30769891
30769898
30769931
30769941
30769942
30769949
30769957
30769965
30770164
30770173
30770184
30770200
30770208
30770213
30770228
30770230
30770234
30770248
30770672
30770911
30770948
30771025
30771040
30771102
30771256
30771324
30771326
30771428
30771492
30771503
30771559
30771781
30774356
30774619
30774734
30776805
30776926
30776958
30776978
30776998
30777008
30777059
30777097
30777165
30779262
30779508
30780913
30780922
30780956
30781057
30781146
30781153
30781227
30781243
30781249
30781282
30781564
30781663
30781942
30781943
30781952
30782084
30782120
30783222
30786470
30786492
30786591
30786605
30786613
30786624
30786627
30786645
30786855
30786865
30786878
30787059
30787273
30787290
30787320
30787321
30787383
30787440
30787546
30787581
30787773
30788002
30788014
30788050
30788076
30788808
30788895
30788963
30789417
30789428
30789469
30790062
30790079
30790082
30790106
30790883
30790957
30790973
30790979
30791016
30791022
30791506
30791552
30791827
30791862
30792889
30792995
30792998
30793008
30793009
30793035
30793109
30793247
30793250
30793290
30793323
30793350
30793483
30793489
30793625
30793825
30793840
30795869
30795873
30796021
30796433
30796461
30796630
30796738
30796774
30797069
30797186
30797194
30797198
30797200
30797216
30797289
30797292
30797308
30797346
30797521
30797704
30797722
30797776
30797863
30797881
30798097
30798199
30798535
30798592
30802891
30802901
30802911
30803005
30803012
30805684
30815780
30815793
30815808
30817201
30817321
30824938
30825908
30825916
30825947
30825968
30827014
30827267
30828110
30828138
30828150
30828168
30828365
30828368
30828380
30828407
30828413
30828482
30837557
30837586
30838695
30838792
30838799
30845544
30845581
30845816
30845843
30845919
30845931
30845985
30845987
30846498
30846515
30846516
30846517
30848523
30848529
30848948
30849631
30849667
30849694
30849928
30849947
30851761
30853422
30853485
30853499
30854916
30856220
30856270
30856272
30856285
30857708
30857719
30857732
30859495
30859498
30859574
30861712
30861792
30861826
30863409
30863538
30864022
30864150
30864160
30864173
30864217
30864236
30864798
30864855
30869019
30869025
30869258
30869904
30870190
30870394
30873314
30875914
30877557
30877586
30877603
30878024
30878218
30878223
30878284
30879145
30879190
30883847
30884339
30887202
30898112
30898673
30899712
30899841
30899903
30899905
30899910
30908940
30910260
30910291
30910294
30910300
30910327
30910333
30910428
30910432
30910454
30910822
30910827
30914543
30924682
30924733
30924768
30924778
30928600
30928610
30928677
30928786
30928821
30928857
30931703
30931761
30931816
30931906
30931933
30932171
30932174
30934372
30934406
30935287
30939037
30939547
30939588
30939828
30940095
30940654
30940739
30940842
30940848
30940883
30963685
30963691
30963946
30966927
30966930
30966966
30966969
30967044
30967088
30967224
30967240
30967281
30970523
30972143
30972153
30972162
30972242
30972250
30991734
30992192
30992798
30993276
30995189
30999404
30999448
30999492
30999536
31001202
31001823
31003804
31003812
31004295
31004320
31004336
31004449
31004451
31004652
31004731
31004772
31004775
31004786
31004794
31004979
31005398
31005445
31005545
31005735
31005750
31005797
31005837
31006164
31006205
31017226
31017258
31017588
